osu file format v14

[General]
AudioFilename: audio.mp3
AudioLeadIn: 0
PreviewTime: 49371
Countdown: 1
SampleSet: Normal
StackLeniency: 0.7
Mode: 0
LetterboxInBreaks: 0
WidescreenStoryboard: 1

[Editor]
Bookmarks: 85337,145337,169371,180087
DistanceSpacing: 1.2
BeatDivisor: 6
GridSize: 32
TimelineZoom: 2.999999

[Metadata]
Title:Sunset Tea Cup (2017)
TitleUnicode:Sunset Tea Cup (2017)
Artist:YUC'e
ArtistUnicode:YUC'e
Creator:Shiney01
Version:Jeezyh x Shineyyy
Source:YouTube
Tags:future bass .W.
BeatmapID:0
BeatmapSetID:-1

[Difficulty]
HPDrainRate:6.3
CircleSize:4.2
OverallDifficulty:8.7
ApproachRate:9.5
SliderMultiplier:1.85
SliderTickRate:1

[Events]
//Background and Video events
0,0,"a.jpg",0,0
//Break Periods
//Storyboard Layer 0 (Background)
//Storyboard Layer 1 (Fail)
//Storyboard Layer 2 (Pass)
//Storyboard Layer 3 (Foreground)
//Storyboard Sound Samples

[TimingPoints]
1371,375,4,2,1,60,1,0
1371,-100,4,2,1,60,0,0
9246,-100,4,2,1,50,0,0
9996,-111.111111111111,4,2,1,40,0,0
10746,-125,4,2,1,35,0,0
11496,-142.857142857143,4,2,1,30,0,0
12246,-100,4,2,1,45,0,0
13371,-100,4,2,1,60,0,0
20871,-100,4,2,1,50,0,0
21621,-111.111111111111,4,2,1,40,0,0
22371,-125,4,2,1,35,0,0
23121,-142.857142857143,4,2,1,30,0,0
23871,-100,4,2,1,25,0,0
24058,-100,4,1,1,30,0,0
24246,-100,4,1,1,35,0,0
24433,-100,4,1,1,40,0,0
24621,-100,4,1,1,45,0,0
24808,-100,4,1,1,50,0,0
24996,-100,4,1,1,55,0,0
25183,-100,4,1,1,60,0,0
25371,-100,4,2,2,75,0,0
36621,-100,4,3,1,60,0,0
37371,-83.3333333333333,4,3,1,60,0,0
48996,-66.6666666666667,4,1,0,60,0,0
49371,-71.4285714285714,4,1,1,80,0,1
60621,-100,4,1,0,60,0,1
61371,-71.4285714285714,4,1,0,60,0,1
72433,-100,4,1,0,60,0,1
72621,-90.9090909090909,4,1,0,60,0,1
72808,-83.3333333333333,4,1,0,60,0,1
72996,-76.9230769230769,4,1,0,60,0,1
73183,-71.4285714285714,4,1,0,60,0,1
73371,-100,4,1,0,60,0,0
81996,-111.111111111111,4,1,0,60,0,0
82746,-125,4,1,0,60,0,0
83496,-100,4,1,0,60,0,0
83871,-100,4,2,3,60,0,0
85371,-83.3333333333333,4,2,3,60,0,0
94371,-125,4,2,1,60,0,0
95871,-100,4,3,2,60,0,0
96996,-52.6315789473684,4,3,2,60,0,0
97371,-100,4,2,2,75,0,0
108621,-100,4,3,1,60,0,0
109371,-83.3333333333333,4,1,0,60,0,0
115371,-50,4,1,0,60,0,0
120996,-71.4285714285714,4,1,0,60,0,0
121371,-71.4285714285714,4,1,2,85,0,1
121464,-71.4285714285714,4,1,1,60,0,1
132621,-90.9090909090909,4,1,0,60,0,1
133371,-71.4285714285714,4,1,2,60,0,1
144433,-100,4,1,0,60,0,1
144621,-90.9090909090909,4,1,0,60,0,1
144808,-83.3333333333333,4,1,0,60,0,1
144996,-76.9230769230769,4,1,0,60,0,1
145183,-71.4285714285714,4,1,0,60,0,0
145371,-54.054054054054,4,1,1,60,0,1
148183,-51.2820512820513,4,1,1,60,0,0
148371,-71.4285714285714,4,1,1,60,0,1
148746,-142.857142857143,4,1,1,60,0,1
149121,-54.054054054054,4,1,1,60,0,1
149493,-54.054054054054,4,1,1,60,0,1
149683,-51.2820512820513,4,1,1,60,0,0
149871,-54.054054054054,4,1,1,60,0,1
151183,-68.9655172413793,4,1,1,60,0,1
151371,-54.054054054054,4,1,1,60,0,1
154183,-51.2820512820513,4,1,1,60,0,0
154371,-71.4285714285714,4,1,1,60,0,1
154933,-71.4285714285714,4,1,1,60,0,0
155121,-71.4285714285714,4,1,1,60,0,1
155683,-51.2820512820513,4,1,1,60,0,0
155871,-66.6666666666667,4,1,1,60,0,1
157371,-54.054054054054,4,1,1,60,0,1
160183,-51.2820512820513,4,1,1,60,0,0
160371,-71.4285714285714,4,1,1,60,0,1
160746,-54.054054054054,4,1,1,60,0,1
161121,-54.054054054054,4,1,1,60,0,1
161683,-51.2820512820513,4,1,1,60,0,0
161871,-54.054054054054,4,1,1,60,0,1
163183,-64.5161290322581,4,1,1,60,0,1
163371,-64.5161290322581,4,1,1,60,0,1
166183,-54.054054054054,4,1,1,60,0,0
166371,-71.4285714285714,4,1,1,60,0,0
166746,-71.4285714285714,4,1,1,60,0,1
167121,-100,4,1,1,60,0,0
167496,-50,4,1,1,60,0,1
167871,-166.666666666667,4,1,1,60,0,0
168621,-100,4,1,1,60,0,0
168996,-200,4,1,1,60,0,1
169371,-100,4,2,3,60,0,0
178371,517.241379310345,4,2,3,60,1,0
179146,625,4,2,3,60,1,0
180083,750,4,1,0,60,1,0
180083,-133.333333333333,4,2,3,60,0,0


[Colours]
Combo1 : 249,183,251
Combo2 : 240,254,160
Combo3 : 196,234,226
Combo4 : 252,191,190
Combo5 : 199,199,231

[HitObjects]
123,181,1371,6,0,B|189:153|256:192|256:192|322:230|388:202,1,277.5
338,28,2121,2,0,P|319:74|334:128,1,92.5,8|0,0:0|0:0,0:0:0:0:
439,164,2496,2,0,P|439:213|405:258,1,92.5,8|0,0:0|0:0,0:0:0:0:
272,234,2871,2,0,P|339:289|416:248,1,185
326,114,3433,1,0,0:0:0:0:
272,234,3621,2,0,P|185:222|162:138,1,185,8|0,0:0|0:0,0:0:0:0:
268,43,4183,1,0,0:0:0:0:
386,115,4371,6,0,B|349:162|399:248|399:248|321:190|237:255,1,277.5
298,322,5121,2,0,L|262:201,1,92.5,8|0,0:0|0:0,0:0:0:0:
411,330,5496,2,0,L|375:209,1,92.5
344,63,5871,2,0,P|256:65|212:142,1,185
256,277,6433,1,0,0:0:0:0:
116,95,6621,2,0,P|72:172|117:248,1,185,8|0,0:0|0:0,0:0:0:0:
256,277,7183,1,0,0:0:0:0:
429,209,7371,6,0,L|416:347,1,138.75
346,295,7746,2,0,L|337:202,1,92.5
344,63,8121,1,8,0:0:0:0:
421,186,8308,1,0,0:0:0:0:
282,228,8496,1,0,0:0:0:0:
205,105,8683,2,0,L|21:79,1,185,0|0,0:0|0:0,0:0:0:0:
74,13,9246,1,0,0:0:0:0:
93,205,9433,2,0,P|144:279|253:261,1,185,8|0,0:0|0:0,0:0:0:0:
205,105,9996,5,0,0:0:0:0:
205,105,10183,2,0,L|37:116,1,166.499994918823,8|0,0:0|0:0,0:0:0:0:
245,192,10746,5,0,0:0:0:0:
245,192,10933,2,0,L|97:201,1,148,8|0,0:0|0:0,0:0:0:0:
285,279,11496,5,0,0:0:0:0:
285,279,11683,2,0,L|155:287,1,129.499996047974,8|0,0:0|0:0,0:0:0:0:
104,359,12246,2,0,P|139:330|156:282,1,92.5
10,186,12621,2,0,P|68:256|154:286,1,185,8|0,0:0|0:0,0:0:0:0:
127,81,13183,1,0,0:0:0:0:
127,81,13371,6,2,B|223:73|223:73|301:102|301:102|399:94,1,277.5,4|0,1:0|0:0,0:0:0:0:
286,245,14121,2,0,P|246:185|261:129,1,92.5,8|0,0:0|0:0,0:0:0:0:
399,94,14496,1,0,0:0:0:0:
428,318,14683,1,0,1:0:0:0:
286,245,14871,2,0,B|166:293|181:212|93:261,1,185,8|0,0:0|0:0,0:0:0:0:
145,331,15433,1,0,0:0:0:0:
221,85,15621,2,0,B|284:151|284:151|286:247,1,185,8|0,0:0|0:0,0:0:0:0:
106,253,16183,1,0,1:0:0:0:
106,253,16277,1,0,1:0:0:0:
105,252,16371,6,2,P|59:136|173:84,1,277.5,4|0,1:0|0:0,0:0:0:0:
250,229,17121,2,0,P|250:274|214:325,1,92.5,8|0,0:0|0:0,0:0:0:0:
121,359,17496,1,0,0:0:0:0:
149,117,17683,1,0,1:0:0:0:
149,117,17871,2,0,B|188:86|235:111|235:111|274:145|322:129,1,185,8|0,0:0|0:0,0:0:0:0:
396,282,18433,1,0,0:0:0:0:
396,282,18621,2,0,B|365:242|390:195|390:195|424:157|408:108,1,185,8|0,0:0|0:0,0:0:0:0:
250,229,19183,1,0,1:0:0:0:
250,229,19277,1,0,1:0:0:0:
250,229,19371,6,2,P|179:238|250:144,1,277.5,4|0,1:0|0:0,0:0:0:0:
341,253,20121,2,0,P|341:299|361:341,1,92.5,8|0,0:0|0:0,0:0:0:0:
463,234,20496,2,0,P|462:188|442:146,1,92.5,0|0,0:0|1:0,0:0:0:0:
260,109,20871,2,0,P|172:130|92:87,1,185,8|0,0:0|0:0,0:0:0:0:
303,35,21433,5,0,0:0:0:0:
303,35,21658,2,0,P|341:106|322:186,1,166.499994918823,8|0,0:0|0:0,0:0:0:0:
222,289,22183,5,0,0:0:0:0:
222,289,22371,2,0,P|152:268|115:206,1,148,8|0,0:0|0:0,0:0:0:0:
383,177,22933,5,0,0:0:0:0:
383,177,23121,2,0,P|406:236|383:295,1,129.499996047974,8|0,0:0|0:0,0:0:0:0:
261,352,23683,5,0,0:0:0:0:
261,352,23871,2,2,B|301:266|243:193|243:193|181:113|255:29|255:29|300:114|300:114|341:71|341:71|392:126|339:196|339:196|362:180|392:176,1,693.75,4|0,0:0|0:0,0:0:0:0:
432,272,25371,6,0,P|409:275|386:271,3,46.25,8|0|0|0,0:0|0:0|0:0|0:0,0:0:0:0:
367,350,25746,2,0,P|346:341|329:325,3,46.25,8|0|0|0,0:0|0:0|0:0|0:0,0:0:0:0:
178,323,26121,2,0,L|223:318,1,46.25,8|0,0:0|0:0,0:0:0:0:
293,240,26308,2,0,L|247:235,1,46.25
195,172,26496,1,8,0:0:0:0:
192,144,26589,1,0,0:0:0:0:
189,116,26683,1,0,0:0:0:0:
186,89,26777,1,0,0:0:0:0:
108,97,26871,6,0,L|81:164,3,46.25,8|0|0|0,0:0|0:0|0:0|0:0,0:0:0:0:
68,252,27246,2,0,L|140:241,3,46.25,8|0|0|0,0:0|0:0|0:0|0:0,0:0:0:0:
223,208,27621,2,0,L|177:150,1,46.25,8|0,0:0|0:0,0:0:0:0:
317,157,27808,2,0,L|249:130,1,46.25
373,65,27996,1,8,0:0:0:0:
345,69,28089,1,0,0:0:0:0:
318,73,28183,1,0,0:0:0:0:
290,77,28277,1,0,0:0:0:0:
232,23,28371,6,0,P|197:54|189:98,1,92.5,8|0,0:0|0:0,0:0:0:0:
90,139,28652,1,0,0:0:0:0:
90,139,28746,2,0,P|87:184|112:221,1,92.5,8|0,0:0|0:0,0:0:0:0:
70,320,29027,1,0,0:0:0:0:
70,320,29121,2,0,P|100:354|144:362,1,92.5,8|0,0:0|0:0,0:0:0:0:
256,215,29496,2,0,L|256:307,1,92.5,8|0,0:0|0:0,0:0:0:0:
279,23,29871,6,0,P|314:54|322:98,1,92.5,8|0,0:0|0:0,0:0:0:0:
422,139,30152,1,0,0:0:0:0:
422,139,30246,2,0,P|424:184|399:221,1,92.5,8|0,0:0|0:0,0:0:0:0:
442,320,30527,1,0,0:0:0:0:
442,320,30621,2,0,P|411:354|367:362,1,92.5,8|0,0:0|0:0,0:0:0:0:
256,215,30996,1,8,0:0:0:0:
256,184,31089,1,0,0:0:0:0:
256,153,31183,1,0,0:0:0:0:
256,122,31277,1,0,0:0:0:0:
198,65,31371,6,0,L|152:59,3,46.25,8|0|0|0,0:0|0:0|0:0|0:0,0:0:0:0:
110,134,31746,2,0,L|155:139,3,46.25,8|0|0|0,0:0|0:0|0:0|0:0,0:0:0:0:
67,208,32121,2,0,P|74:229|88:248,1,46.25,8|0,0:0|0:0,0:0:0:0:
158,331,32308,2,0,P|165:309|179:290,1,46.25
249,208,32496,1,8,0:0:0:0:
259,233,32589,1,0,0:0:0:0:
276,255,32683,1,0,0:0:0:0:
299,271,32777,1,0,0:0:0:0:
378,292,32871,6,0,P|394:248|390:192,1,92.5,8|0,0:0|0:0,0:0:0:0:
321,126,33152,1,0,0:0:0:0:
321,126,33246,2,0,L|326:171,1,46.25,8|0,0:0|0:0,0:0:0:0:
396,83,33433,2,0,L|401:128,1,46.25
250,62,33621,2,0,L|244:107,1,46.25,8|0,0:0|0:0,0:0:0:0:
137,197,33808,2,0,L|179:179,1,46.25
310,227,33996,1,8,0:0:0:0:
285,208,34089,1,0,0:0:0:0:
260,189,34183,1,0,0:0:0:0:
236,171,34277,1,0,0:0:0:0:
178,114,34371,6,0,P|137:80|75:93,1,92.5,8|0,0:0|0:0,0:0:0:0:
47,141,34652,1,0,0:0:0:0:
47,141,34746,1,8,0:0:0:0:
171,223,34934,2,0,L|164:280,1,46.25
251,327,35121,2,0,L|256:281,1,46.25,8|0,0:0|0:0,0:0:0:0:
231,125,35308,2,0,L|236:171,1,46.25
361,242,35496,1,8,0:0:0:0:
361,242,35589,1,0,0:0:0:0:
361,242,35683,1,0,0:0:0:0:
345,191,35777,1,0,0:0:0:0:
329,140,35871,6,0,P|322:64|349:54,1,92.5,8|0,0:0|0:0,0:0:0:0:
403,82,36152,1,0,0:0:0:0:
403,82,36246,2,0,P|446:70|459:28,1,92.5,8|0,0:0|0:0,0:0:0:0:
323,62,36621,1,8,0:0:0:0:
273,39,36714,1,8,0:0:0:0:
218,44,36808,1,8,0:0:0:0:
174,77,36902,1,8,0:0:0:0:
152,128,36996,1,8,0:0:0:0:
151,173,37089,1,8,0:0:0:0:
184,204,37183,1,8,0:0:0:0:
214,196,37276,1,8,0:0:0:0:
254,115,37371,6,0,P|200:104|151:128,1,110.999996612549,8|0,0:0|0:0,0:0:0:0:
85,162,37652,1,2,0:0:0:0:
118,147,37746,1,8,0:0:0:0:
140,290,37933,2,0,L|112:291,3,27.7499991531372
183,288,38121,2,0,L|321:307,1,110.999996612549,8|0,0:0|0:0,0:0:0:0:
401,251,38402,1,0,0:0:0:0:
407,288,38496,2,0,L|409:315,4,27.7499991531372,8|0|0|0|0,0:0|0:0|0:0|0:0|0:0,0:0:0:0:
478,192,38777,1,0,0:0:0:0:
478,192,38871,6,0,L|469:73,1,110.999996612549,8|0,0:0|0:0,0:0:0:0:
394,56,39152,1,2,0:0:0:0:
430,66,39246,1,8,0:0:0:0:
286,177,39433,2,0,L|259:170,3,27.7499991531372
301,219,39621,2,0,P|318:271|304:324,1,110.999996612549,8|0,0:0|0:0,0:0:0:0:
207,270,39902,1,0,0:0:0:0:
162,274,39996,2,0,L|134:276,4,27.7499991531372,8|0|0|0|0,0:0|0:0|0:0|0:0|0:0,0:0:0:0:
210,163,40277,1,0,0:0:0:0:
210,163,40371,6,0,P|246:122|299:108,1,110.999996612549,8|0,0:0|0:0,0:0:0:0:
373,127,40652,1,8,0:0:0:0:
337,117,40746,1,2,0:0:0:0:
374,320,40933,2,0,P|339:329|327:329,3,27.7499991531372
409,291,41121,2,0,P|418:246|372:190,1,110.999996612549,8|0,0:0|0:0,0:0:0:0:
264,211,41402,1,0,0:0:0:0:
233,232,41496,2,0,L|247:342,1,110.999996612549,8|0,0:0|0:0,0:0:0:0:
107,293,41871,6,0,L|121:182,1,110.999996612549,0|0,1:0|0:0,0:0:0:0:
247,121,42152,1,0,0:0:0:0:
247,121,42246,2,0,L|232:231,1,110.999996612549
29,86,42621,2,0,L|131:43,1,110.999996612549,0|0,1:0|0:0,0:0:0:0:
247,121,42902,1,0,0:0:0:0:
247,121,42996,2,0,L|95:189,1,166.499994918823
107,293,43371,2,0,L|173:307,1,55.4999983062745
276,347,43558,1,8,0:0:0:0:
181,202,43746,2,0,L|247:216,1,55.4999983062745
350,256,43933,1,8,0:0:0:0:
354,76,44121,5,4,1:0:0:0:
103,158,44308,1,8,0:0:0:0:
350,256,44496,1,8,0:0:0:0:
103,158,44683,1,0,0:0:0:0:
354,76,44871,2,0,L|337:140,1,55.4999983062745
302,234,45059,5,4,1:0:0:0:
212,101,45246,2,0,L|195:165,1,55.4999983062745
160,259,45434,5,4,1:0:0:0:
101,55,45621,1,0,0:0:0:0:
47,301,45808,1,0,0:0:0:0:
124,37,45996,2,0,B|212:20|296:46,1,166.499994918823
335,79,46371,6,0,L|368:73,9,18.4999994354248,0|0|0|0|0|0|0|0|0|0,2:0|2:0|2:0|2:0|2:0|2:0|2:0|2:0|2:0|2:0,2:0:0:0:
393,158,46746,6,0,L|426:162,9,18.4999994354248,0|0|0|0|0|0|0|0|0|0,2:0|2:0|2:0|2:0|2:0|2:0|2:0|2:0|2:0|2:0,2:0:0:0:
423,251,47121,6,0,L|453:265,6,18.4999994354248,0|0|0|0|0|0|0,2:0|2:0|2:0|2:0|2:0|2:0|2:0,2:0:0:0:
380,361,47496,1,8,0:0:0:0:
336,345,47589,1,8,0:0:0:0:
274,289,47683,1,8,0:0:0:0:
231,274,47777,1,8,0:0:0:0:
189,359,47871,5,0,0:0:0:0:
255,47,48246,1,0,0:0:0:0:
95,146,48621,1,0,0:0:0:0:
139,320,48808,1,0,0:0:0:0:
105,121,48996,6,0,B|122:85|99:54|99:54|80:85|105:121|105:121|123:151|110:184,1,208.125007939339,0|8,0:0|0:0,0:0:0:0:
112,345,49371,6,0,B|112:293|88:269|88:269|107:202,1,129.499996047974,4|8,0:0|0:0,0:0:0:0:
105,121,49652,1,8,0:0:0:0:
105,121,49746,2,0,P|71:157|109:226,1,129.499996047974,4|8,0:0|0:0,0:0:0:0:
182,90,50027,1,8,0:0:0:0:
259,59,50121,2,0,B|292:157|292:157|324:125,1,129.499996047974,4|0,0:0|2:0,0:0:0:0:
389,195,50402,1,4,0:0:0:0:
389,195,50496,2,0,L|326:217,1,64.7499980239869,8|8,0:0|1:0,0:0:0:0:
123,189,50683,2,0,L|186:167,1,64.7499980239869,4|0,1:0|0:0,0:0:0:0:
270,350,50871,6,0,P|286:286|258:226,1,129.499996047974,4|0,0:0|0:0,0:0:0:0:
184,167,51152,1,8,0:0:0:0:
184,167,51246,2,0,B|166:219|166:219|170:237|170:237|152:290,1,129.499996047974,4|8,0:0|0:0,0:0:0:0:
97,349,51527,1,8,0:0:0:0:
46,286,51621,2,0,P|28:259|26:227,1,64.7499980239869,4|2,0:0|0:0,0:0:0:0:
262,189,51808,2,0,P|279:215|281:247,1,64.7499980239869,8|6,0:0|0:0,0:0:0:0:
59,162,51996,2,0,P|65:130|86:106,1,64.7499980239869,6|8,0:0|0:0,0:0:0:0:
191,289,52183,1,4,0:0:0:0:
202,309,52277,1,0,0:0:0:0:
144,223,52371,6,0,B|202:210|202:210|285:227,1,129.499996047974,4|8,0:0|0:0,0:0:0:0:
373,341,52652,1,8,0:0:0:0:
373,341,52746,2,0,P|398:256|383:199,1,129.499996047974,4|8,0:0|0:0,0:0:0:0:
292,146,53027,1,8,0:0:0:0:
269,224,53121,2,0,P|263:280|319:272,1,129.499996047974,4|8,0:0|0:0,0:0:0:0:
251,208,53402,2,0,P|206:243|251:277,1,129.499996047974,4|8,0:0|0:0,0:0:0:0:
410,313,53683,2,0,P|422:270|415:242,1,64.7499980239869,4|0,0:0|0:0,0:0:0:0:
411,64,53871,6,0,P|372:85|342:83,1,64.7499980239869,4|0,0:0|0:0,0:0:0:0:
222,75,54058,2,8,P|191:71|164:53,1,64.7499980239869
392,187,54246,1,12,0:0:0:0:
392,187,54339,1,2,0:0:0:0:
392,187,54433,2,8,P|363:198|331:195,1,64.7499980239869
205,157,54621,2,0,P|152:125|140:63,1,129.499996047974,4|0,0:0|0:0,0:0:0:0:
82,8,54902,1,4,0:0:0:0:
39,77,54996,2,0,L|58:161,1,64.7499980239869,8|0,0:0|0:0,0:0:0:0:
151,221,55183,1,4,0:0:0:0:
237,201,55277,1,0,0:0:0:0:
179,104,55371,6,0,P|143:161|165:242,1,129.499996047974,4|0,0:0|0:0,0:0:0:0:
255,57,55652,1,8,0:0:0:0:
353,63,55746,2,0,P|374:103|312:148,1,129.499996047974,4|8,0:0|0:0,0:0:0:0:
216,68,56027,1,8,0:0:0:0:
216,68,56121,2,0,P|235:11|295:18,1,129.499996047974,4|8,0:0|0:0,0:0:0:0:
373,114,56402,1,4,0:0:0:0:
373,114,56496,2,0,P|370:146|355:174,1,64.7499980239869,8|0,0:0|0:0,0:0:0:0:
220,286,56683,2,0,L|136:305,1,64.7499980239869,6|0,0:0|0:0,0:0:0:0:
276,353,56871,6,0,P|309:299|295:237,1,129.499996047974,4|8,0:0|0:0,0:0:0:0:
182,211,57152,1,8,0:0:0:0:
103,192,57246,2,0,B|90:138|90:138|118:69,1,129.499996047974,4|8,0:0|0:0,0:0:0:0:
256,44,57527,1,8,0:0:0:0:
256,44,57621,2,0,P|287:78|281:125,1,64.7499980239869,4|0,0:0|0:0,0:0:0:0:
342,311,57808,2,0,P|297:302|275:260,1,64.7499980239869,8|8,0:0|0:0,0:0:0:0:
115,146,57996,2,0,P|157:127|200:147,1,64.7499980239869,8|2,0:0|0:0,0:0:0:0:
396,146,58183,1,4,0:0:0:0:
420,150,58277,1,0,0:0:0:0:
442,220,58371,6,0,B|372:243|332:196|332:196|323:198,1,129.499996047974,4|0,0:0|0:0,0:0:0:0:
256,138,58652,1,8,0:0:0:0:
188,198,58746,2,8,L|184:247,4,32.3749990119934,8|8|8|8|8,3:0|3:0|3:0|3:0|3:0,3:0:0:0:
123,285,59027,1,0,0:0:0:0:
92,210,59121,6,0,L|101:146,1,64.7499980239869,4|0,0:0|0:0,0:0:0:0:
245,72,59308,6,0,L|254:136,1,64.7499980239869,4|0,0:0|0:0,0:0:0:0:
371,138,59496,1,8,0:0:0:0:
334,160,59589,1,8,0:0:0:0:
292,160,59683,1,8,0:0:0:0:
255,137,59777,1,8,0:0:0:0:
323,77,59871,6,0,B|355:66|355:66|385:69,1,64.7499980239869,4|0,0:0|0:0,0:0:0:0:
188,198,60058,2,0,B|157:201|157:201|125:190,1,64.7499980239869,8|8,0:0|0:0,0:0:0:0:
315,204,60246,2,4,B|326:236|326:236|322:266,1,64.7499980239869,4|0,0:0|0:0,0:0:0:0:
194,69,60433,2,4,B|190:38|190:38|201:6,1,64.7499980239869,8|8,0:0|0:0,0:0:0:0:
458,129,60621,6,0,L|444:267,1,138.75
341,300,60996,2,0,P|369:334|414:346,1,92.5,4|0,0:0|0:0,0:0:0:0:
313,228,61277,1,8,0:0:0:0:
440,207,61371,6,0,B|386:212|386:212|353:226|353:226|313:229,1,129.499996047974
90,242,61652,1,0,0:0:0:0:
90,242,61746,2,0,L|218:267,1,129.499996047974
189,333,62027,1,0,0:0:0:0:
258,348,62121,2,0,P|307:320|309:245,1,129.499996047974
241,195,62402,1,0,0:0:0:0:
241,195,62496,2,0,P|228:155|235:108,1,64.7499980239869
376,241,62683,2,0,P|345:252|313:253,1,64.7499980239869
422,106,62871,6,0,P|438:171|413:228,1,129.499996047974
287,59,63152,1,0,0:0:0:0:
287,59,63246,2,0,P|348:47|392:90,1,129.499996047974
326,182,63527,1,0,0:0:0:0:
256,223,63621,2,0,L|179:216,1,64.7499980239869
37,128,63808,2,0,L|114:121,1,64.7499980239869
222,53,63996,2,0,L|286:58,1,64.7499980239869
137,204,64183,1,0,0:0:0:0:
115,212,64277,1,0,0:0:0:0:
72,280,64371,6,0,B|48:319|48:319|131:314,1,129.499996047974
210,243,64652,1,0,0:0:0:0:
256,317,64746,2,0,L|252:366,4,32.3749990119934
359,287,65027,1,0,0:0:0:0:
416,344,65121,2,0,P|442:287|415:231,1,129.499996047974
261,171,65401,1,0,0:0:0:0:
261,171,65495,2,0,P|274:200|297:222,1,64.7499980239869
473,174,65683,2,0,P|447:156|416:148,1,64.7499980239869
319,276,65871,6,0,B|248:281|248:281|194:256,1,129.499996047974
46,175,66152,1,0,0:0:0:0:
46,175,66246,1,0,0:0:0:0:
125,156,66339,1,0,0:0:0:0:
204,137,66433,1,0,0:0:0:0:
135,95,66527,1,0,0:0:0:0:
65,53,66621,2,0,P|52:114|89:165,1,129.499996047974
251,206,66902,2,0,P|287:154|274:93,1,129.499996047974
180,54,67183,1,0,0:0:0:0:
157,47,67277,1,0,0:0:0:0:
204,137,67371,6,0,B|233:119|233:119|266:124|266:124|291:115|291:115|325:124,1,129.499996047974
355,230,67652,1,0,0:0:0:0:
355,230,67746,2,0,P|312:186|337:113,1,129.499996047974
433,135,68027,1,0,0:0:0:0:
478,203,68121,2,0,B|494:273|494:273|461:336,1,129.499996047974
312,358,68402,1,0,0:0:0:0:
312,358,68496,2,0,B|315:325|315:325|306:294,1,64.7499980239869
177,242,68683,2,0,B|174:275|174:275|182:305,1,64.7499980239869
135,146,68871,6,0,B|182:154|191:194|191:194|175:216|176:241,1,129.499996047974
173,369,69152,1,0,0:0:0:0:
173,369,69246,2,0,L|185:284,1,64.7499980239869
337,270,69433,2,0,L|448:255,1,64.7499980239869
373,140,69621,2,0,L|262:125,1,64.7499980239869
134,145,69808,2,0,P|103:152|78:171,1,64.7499980239869
182,305,69996,2,0,P|156:285|141:257,1,64.7499980239869
135,146,70183,1,0,0:0:0:0:
177,80,70276,1,0,0:0:0:0:
257,73,70371,6,0,B|274:103|257:134|257:134|243:164|256:198,1,129.499996047974
340,163,70652,1,0,0:0:0:0:
328,252,70746,2,0,L|377:256,4,32.3749990119934
316,341,71027,1,0,0:0:0:0:
379,330,71121,2,0,B|310:341,1,64.7499980239869
196,232,71308,2,0,B|259:221,1,64.7499980239869
195,320,71496,1,0,0:0:0:0:
143,328,71589,1,0,0:0:0:0:
92,337,71683,1,0,0:0:0:0:
41,346,71777,1,0,0:0:0:0:
52,265,71871,6,0,P|40:236|81:150,1,129.499996047974
241,193,72152,2,0,P|221:217|126:225,1,129.499996047974
51,40,72433,2,0,P|82:44|113:63,1,46.25
335,236,72621,6,0,L|281:226,1,55.4999983062745
79,236,72808,6,0,L|128:226,1,50.8750015525818
367,268,72996,6,0,L|304:257,1,64.7499980239869
47,268,73183,6,0,L|106:258,1,60.1249972476961
208,47,73371,5,0,0:0:0:0:
256,224,73746,5,0,0:0:0:0:
435,312,73933,1,0,0:0:0:0:
491,221,74121,2,0,P|490:162|440:114,1,92.5
256,309,74496,2,0,P|315:308|363:258,1,92.5
405,198,74871,2,0,B|353:164|300:201|300:201|266:221|231:202,1,185
221,33,75433,1,0,0:0:0:0:
221,33,75527,1,0,0:0:0:0:
220,32,75621,2,0,P|213:99|154:131,1,138.75
88,185,75996,2,0,L|27:173,2,61.6666666666667
138,335,76371,6,0,L|155:244,1,92.5
183,93,76746,1,0,0:0:0:0:
242,222,76933,1,0,0:0:0:0:
333,91,77121,2,0,P|343:136|332:180,1,92.5
211,313,77496,2,0,P|174:284|154:243,1,92.5
164,62,77871,2,0,P|251:81|286:163,1,185
186,171,78433,1,0,0:0:0:0:
333,91,78621,2,0,L|326:167,2,61.6666666666667
439,104,78996,1,0,0:0:0:0:
270,198,79183,1,0,0:0:0:0:
424,271,79371,6,0,P|335:260|275:347,1,185
365,348,79933,1,0,0:0:0:0:
196,290,80121,2,0,P|150:289|108:268,1,92.5
230,108,80495,1,0,0:0:0:0:
230,108,80683,2,0,L|193:302,1,185
423,270,81246,1,0,0:0:0:0:
423,270,81433,2,0,L|458:89,1,185
458,88,81996,5,0,0:0:0:0:
295,203,82183,2,0,B|375:200|375:200|458:175,1,166.499994918823
457,175,82746,5,0,0:0:0:0:
271,297,82933,2,0,B|343:295|343:295|417:273,1,148
415,273,83496,1,0,0:0:0:0:
215,375,83683,1,0,0:0:0:0:
104,315,83871,6,0,P|57:325|7:310,1,92.5,4|0,0:0|0:0,0:0:0:0:
94,228,84246,2,0,P|111:270|103:314,1,92.5
302,125,84621,5,8,0:0:0:0:
216,142,84808,1,0,0:0:0:0:
315,100,84996,5,8,0:0:0:0:
229,117,85183,1,0,0:0:0:0:
129,132,85371,6,0,P|93:174|94:228,1,110.999996612549
289,201,85746,2,0,B|316:183|316:183|187:146,1,166.499994918823
170,294,86121,2,0,L|277:321,1,110.999996612549,8|0,0:0|0:0,0:0:0:0:
383,212,86402,2,0,L|275:239,1,110.999996612549
401,289,86683,2,0,P|427:280|447:260,1,55.4999983062745
407,55,86871,2,0,B|384:79|393:124|393:124|400:165|400:165|382:213,1,166.499994918823
310,332,87246,2,0,P|270:294|254:241,1,110.999996612549
338,157,87527,1,0,0:0:0:0:
359,129,87621,2,0,B|304:115|304:115|253:134|253:134|199:120,2,166.499994918823,8|0|0,0:0|0:0|0:0,0:0:0:0:
426,76,88277,1,0,0:0:0:0:
426,76,88371,6,0,L|266:29,1,166.499994918823
267,169,88746,2,0,L|160:137,1,110.999996612549
109,74,89027,1,0,0:0:0:0:
109,74,89121,2,0,P|76:131|98:190,1,110.999996612549,8|0,0:0|0:0,0:0:0:0:
233,207,89402,2,0,P|200:149|138:139,1,110.999996612549
108,249,89683,2,0,P|133:238|152:218,1,55.4999983062745
256,60,89871,5,0,0:0:0:0:
256,324,90246,1,0,0:0:0:0:
434,192,90433,5,0,0:0:0:0:
434,192,90527,1,0,0:0:0:0:
434,192,90621,2,0,P|360:174|345:134,1,110.999996612549,8|0,0:0|0:0,0:0:0:0:
272,111,90902,2,0,P|243:156|189:164,1,110.999996612549
214,36,91183,2,0,L|204:99,1,55.4999983062745
106,163,91371,6,0,P|127:214|231:232,1,166.499994918823
87,233,91746,2,0,P|130:266|229:230,1,166.499994918823
272,111,92121,2,0,B|320:114|320:114|376:142,1,110.999996612549,8|0,0:0|0:0,0:0:0:0:
469,127,92402,2,0,B|466:175|466:175|437:231,1,110.999996612549
453,324,92683,1,0,0:0:0:0:
453,324,92871,6,0,B|405:321|405:321|295:268,1,166.499994918823
188,269,93246,2,0,B|236:253|257:282|297:268,1,110.999996612549
284,172,93527,1,0,0:0:0:0:
264,196,93621,2,0,P|241:248|315:339,2,166.499994918823,8|0|0,0:0|0:0|0:0,0:0:0:0:
434,79,94371,6,0,L|286:62,1,148,4|0,0:0|0:0,0:0:0:0:
217,206,94933,1,0,0:0:0:0:
322,145,95121,6,0,L|470:162,1,148,4|0,0:0|0:0,0:0:0:0:
289,24,95683,1,0,0:0:0:0:
184,85,95871,6,0,L|168:222,2,138.75,12|0|8,0:0|0:0|0:0,0:0:0:0:
254,275,96621,2,0,P|241:294|224:309,1,46.25
154,315,96808,2,0,P|132:308|112:295,1,46.25
119,193,96996,2,0,P|215:151|121:104,1,263.624992960453,10|0,0:0|0:0,0:0:0:0:
89,228,97371,6,0,L|82:182,3,46.25,8|0|0|0,0:0|0:0|0:0|0:0,0:0:0:0:
175,177,97746,2,0,L|181:131,3,46.25
256,58,98121,2,0,P|265:83|258:136,1,46.25
346,127,98308,2,0,P|334:151|292:183,1,46.25
362,239,98496,1,0,0:0:0:0:
335,248,98589,1,0,0:0:0:0:
309,257,98683,1,0,0:0:0:0:
283,266,98777,1,0,0:0:0:0:
216,321,98871,6,0,L|260:334,3,46.25
110,261,99246,2,0,L|65:274,3,46.25
216,201,99621,2,0,L|260:214,1,46.25
313,117,99808,2,0,L|326:161,1,46.25
218,119,99996,1,0,0:0:0:0:
225,146,100090,1,0,0:0:0:0:
224,174,100184,1,0,0:0:0:0:
215,200,100277,1,0,0:0:0:0:
140,159,100371,6,0,L|119:36,1,92.5
260,33,100652,1,0,0:0:0:0:
260,33,100746,2,0,L|275:124,1,92.5
415,196,101121,2,0,L|323:211,1,92.5
261,127,101496,1,0,0:0:0:0:
129,298,101683,5,0,0:0:0:0:
188,172,101871,2,0,L|97:188,1,92.5
236,259,102152,1,0,0:0:0:0:
236,259,102246,2,0,L|252:351,1,92.5
387,316,102621,2,0,L|372:225,1,92.5
307,51,102996,1,0,0:0:0:0:
288,71,103089,1,0,0:0:0:0:
274,95,103183,1,0,0:0:0:0:
266,121,103277,1,0,0:0:0:0:
270,198,103371,5,0,0:0:0:0:
233,193,103464,1,0,0:0:0:0:
203,172,103558,1,0,0:0:0:0:
187,139,103652,1,0,0:0:0:0:
216,63,103746,2,0,L|221:17,1,46.25
128,92,103933,2,0,P|116:112|111:135,1,46.25
233,193,104121,2,0,P|227:215|216:235,1,46.25
142,324,104308,2,0,L|148:279,1,46.25
241,326,104496,2,0,L|279:327,4,23.125
327,248,104777,5,0,0:0:0:0:
288,153,104871,2,0,L|319:153,4,23.125
189,206,105152,1,0,0:0:0:0:
189,206,105246,2,0,P|188:234|196:262,1,46.25
111,147,105433,2,0,L|109:123,4,23.125
130,49,105714,1,0,0:0:0:0:
130,49,105808,6,0,L|176:45,1,46.25
230,124,105996,2,0,L|269:122,4,23.125
325,48,106277,1,0,0:0:0:0:
325,48,106371,2,0,L|286:46,4,23.125
411,30,106652,1,0,0:0:0:0:
411,30,106746,6,0,L|402:86,1,46.25
401,171,106933,2,0,L|435:179,4,23.125
300,124,107214,1,0,0:0:0:0:
300,124,107308,2,0,L|283:177,1,46.25
291,294,107496,2,0,L|287:269,4,23.125
199,317,107777,1,0,0:0:0:0:
199,317,107871,6,0,L|172:310,6,15.4166666666667
243,185,108152,1,0,0:0:0:0:
243,185,108246,2,0,L|242:236,1,46.25
151,152,108433,2,0,L|126:173,3,23.125
106,213,108621,6,0,P|115:186|135:167,1,55.4999983062745
199,317,108808,2,0,P|172:322|145:315,1,55.4999983062745
243,185,108996,2,0,P|261:205|268:232,1,55.4999983062745
342,315,109183,2,0,P|360:294|367:267,1,55.4999983062745
346,77,109371,6,0,L|235:88,1,110.999996612549
157,206,109652,1,0,0:0:0:0:
161,169,109746,1,0,0:0:0:0:
104,43,109933,2,0,L|76:40,3,27.7499991531372
153,48,110121,2,0,P|180:39|208:38,1,55.4999983062745
244,114,110308,2,0,P|270:122|298:123,1,55.4999983062745
398,36,110496,2,0,P|343:29|288:39,1,110.999996612549
368,105,110777,1,0,0:0:0:0:
373,146,110871,6,0,L|388:268,1,110.999996612549
300,347,111152,1,0,0:0:0:0:
304,310,111246,1,0,0:0:0:0:
428,231,111433,2,0,L|455:228,3,27.7499991531372
378,225,111621,2,0,L|297:209,1,55.4999983062745
223,314,111808,2,0,L|239:233,1,55.4999983062745
289,70,111996,2,0,L|257:232,1,110.999996612549
134,159,112277,1,0,0:0:0:0:
133,158,112371,6,0,P|164:203|157:257,1,110.999996612549
38,170,112652,1,0,0:0:0:0:
43,133,112746,1,0,0:0:0:0:
210,100,112933,2,0,P|201:65|201:53,3,27.7499991531372
245,135,113121,2,0,L|266:243,1,110.999996612549
363,310,113496,1,0,0:0:0:0:
368,105,113683,1,0,0:0:0:0:
133,158,113871,6,0,B|116:214|116:214|127:299,1,110.999996612549
266,336,114152,1,0,0:0:0:0:
266,336,114246,2,0,B|249:280|249:280|255:227,1,110.999996612549
246,48,114621,2,0,B|263:104|263:104|256:156,1,110.999996612549
379,226,114902,1,0,0:0:0:0:
379,226,114996,2,0,B|396:170|396:170|381:62,1,166.499994918823
253,172,115371,2,0,B|204:189|204:189|160:172,1,92.5
27,131,115558,1,0,0:0:0:0:
262,284,115746,2,0,B|210:292|210:292|170:267,1,92.5
45,203,115933,1,0,0:0:0:0:
154,350,116121,5,0,0:0:0:0:
114,111,116308,1,0,0:0:0:0:
262,284,116496,1,0,0:0:0:0:
436,104,116683,1,0,0:0:0:0:
216,90,116871,2,0,P|237:137|286:155,1,92.5
433,205,117058,1,0,0:0:0:0:
149,158,117246,2,0,P|174:202|224:216,1,92.5
373,252,117433,1,0,0:0:0:0:
122,287,117621,1,0,0:0:0:0:
216,90,117808,1,0,0:0:0:0:
455,229,117996,2,0,B|420:209|381:225|381:225|370:273|322:287,1,166.499994918823
236,217,118371,6,0,L|208:215,10,27.7499991531372
369,157,118746,6,0,L|396:151,10,27.7499991531372
271,92,119121,6,0,L|265:64,13,27.7499991531372
206,180,119589,1,0,0:0:0:0:
252,190,119683,1,0,0:0:0:0:
297,199,119777,1,0,0:0:0:0:
369,157,119871,5,0,0:0:0:0:
369,157,120246,1,0,0:0:0:0:
369,157,120621,1,0,0:0:0:0:
369,157,120808,1,0,0:0:0:0:
256,228,120996,6,0,B|198:235|195:311|256:323|256:323|289:318|289:318|305:326,1,194.249994071961
434,206,121371,6,0,B|429:258|429:258|411:300|411:300|416:331,1,129.499996047974,4|0,0:0|0:0,0:0:0:0:
369,157,121652,1,0,0:0:0:0:
369,157,121746,2,0,B|363:117|363:117|381:75|381:75|383:31,1,129.499996047974
434,206,122027,1,0,0:0:0:0:
444,123,122121,2,0,P|430:94|402:77,1,64.7499980239869
274,21,122309,1,0,0:0:0:0:
209,71,122403,1,0,0:0:0:0:
144,121,122496,2,0,P|125:147|125:179,1,64.7499980239869
150,265,122683,2,0,L|85:258,1,64.7499980239869
214,202,122871,5,0,0:0:0:0:
214,202,122964,1,0,0:0:0:0:
260,269,123058,2,0,B|297:265|297:265|323:270,1,64.7499980239869
373,128,123246,1,0,0:0:0:0:
373,128,123339,1,0,0:0:0:0:
327,195,123433,2,0,B|300:189|300:189|263:193,1,64.7499980239869
376,323,123621,2,0,P|394:296|394:264,1,64.7499980239869
198,269,123808,2,0,P|228:278|259:268,1,64.7499980239869
194,83,123996,2,0,P|194:114|213:141,1,64.7499980239869
327,61,124183,1,0,0:0:0:0:
327,61,124277,1,0,0:0:0:0:
272,121,124371,6,0,B|222:110|222:110|192:121|192:121|146:110,1,129.499996047974
83,160,124652,1,0,0:0:0:0:
130,226,124746,2,0,B|119:276|119:276|130:306|130:306|119:351,1,129.499996047974
255,211,125027,1,0,0:0:0:0:
226,338,125121,2,0,B|143:326|143:326|186:311,1,129.499996047974
268,324,125402,2,0,B|185:312|185:312|228:297,1,129.499996047974
394,264,125683,2,0,P|394:296|376:323,1,64.7499980239869
358,183,125871,6,0,L|295:165,1,64.7499980239869
80,154,126058,2,0,L|142:136,1,64.7499980239869
226,338,126246,1,0,0:0:0:0:
226,338,126339,1,0,0:0:0:0:
226,338,126433,2,0,L|208:275,1,64.7499980239869
219,184,126621,2,0,L|254:59,1,129.499996047974
326,21,126902,1,0,0:0:0:0:
409,91,126996,2,0,B|407:128|407:128|394:152,1,64.7499980239869
299,150,127183,1,0,0:0:0:0:
262,65,127277,1,0,0:0:0:0:
357,57,127371,6,0,P|352:118|298:149,1,129.499996047974
400,210,127652,1,0,0:0:0:0:
332,254,127746,2,0,B|236:248|236:248|203:256,1,129.499996047974
176,269,128027,1,0,0:0:0:0:
176,268,128121,2,0,P|144:265|119:245,1,64.7499980239869
173,151,128308,1,0,0:0:0:0:
173,151,128402,1,0,0:0:0:0:
173,151,128496,2,0,P|176:119|171:86,1,64.7499980239869
77,36,128683,2,0,P|92:65|89:97,1,64.7499980239869
86,222,128871,6,0,P|74:159|88:96,1,129.499996047974
181,56,129152,1,0,0:0:0:0:
181,56,129246,2,0,B|213:56|213:56|244:46,1,64.7499980239869
259,136,129433,2,0,B|227:145|227:145|195:145,1,64.7499980239869
317,78,129621,1,0,0:0:0:0:
338,157,129714,1,0,0:0:0:0:
359,236,129808,2,0,L|341:299,1,64.7499980239869
455,122,129996,1,0,0:0:0:0:
450,203,130089,1,0,0:0:0:0:
446,285,130183,2,0,L|428:348,1,64.7499980239869
340,298,130371,6,0,P|283:274|275:213,1,129.499996047974
338,157,130652,1,0,0:0:0:0:
281,92,130746,2,0,L|277:43,4,32.3749990119934
196,108,131027,1,0,0:0:0:0:
167,189,131121,6,0,P|160:242|171:284,1,64.7499980239869
275,355,131308,6,0,P|276:322|269:291,1,64.7499980239869
167,189,131496,1,0,0:0:0:0:
129,194,131589,1,0,0:0:0:0:
94,178,131683,1,0,0:0:0:0:
72,146,131777,1,0,0:0:0:0:
161,53,131871,6,0,P|159:85|148:115,1,64.7499980239869
72,108,132058,2,0,P|73:75|84:45,1,64.7499980239869
261,164,132246,2,0,P|262:196|273:226,1,64.7499980239869
350,219,132433,2,0,P|348:186|337:156,1,64.7499980239869
193,249,132621,6,0,B|208:309|272:317|272:317|311:309,1,152.625004657746
475,262,132996,2,0,L|375:240,1,101.750003105164
375,240,133277,1,0,0:0:0:0:
265,201,133371,6,0,P|206:191|192:248,1,129.499996047974
182,161,133652,1,0,0:0:0:0:
187,316,133746,6,0,P|246:325|260:268,1,129.499996047974
339,168,134028,1,0,0:0:0:0:
248,111,134121,2,0,P|215:109|185:98,1,64.7499980239869
70,38,134308,1,0,0:0:0:0:
82,118,134402,2,0,P|80:150|69:180,1,64.7499980239869
129,285,134590,1,0,0:0:0:0:
129,285,134683,2,0,L|218:268,1,64.7499980239869
258,322,134871,6,0,P|275:261|245:206,1,129.499996047974
193,144,135152,1,0,0:0:0:0:
251,87,135246,2,0,B|295:96|295:96|418:76,1,129.499996047974
457,119,135527,1,0,0:0:0:0:
428,195,135621,2,0,P|433:226|423:257,1,64.7499980239869
255,149,135808,2,0,P|260:117|250:86,1,64.7499980239869
94,233,135996,2,0,P|105:263|139:290,1,64.7499980239869
233,306,136183,2,0,P|222:336|188:363,1,64.7499980239869
328,329,136371,6,0,B|363:277|363:277|342:213,1,129.499996047974
272,163,136652,1,0,0:0:0:0:
196,204,136746,2,0,L|147:200,4,32.3749990119934
199,118,137027,1,0,0:0:0:0:
310,72,137121,6,0,B|257:61|257:61|226:37|186:43,1,129.499996047974
74,112,137402,1,0,0:0:0:0:
74,112,137496,2,0,L|55:194,1,64.7499980239869
163,201,137683,2,0,L|182:283,1,64.7499980239869
281,240,137871,6,0,L|362:340,1,129.499996047974
435,260,138152,1,0,0:0:0:0:
383,198,138246,2,0,L|342:147,1,64.7499980239869
261,139,138433,1,0,0:0:0:0:
180,130,138527,1,0,0:0:0:0:
121,77,138621,2,0,B|155:52|155:52|184:52|184:52|205:32|236:30,1,129.499996047974
318,208,138902,2,0,B|285:181|285:181|277:153|277:153|252:138|243:108,1,129.499996047974
398,95,139183,1,0,0:0:0:0:
398,95,139277,1,0,0:0:0:0:
318,80,139371,6,0,B|278:92|229:92|229:92|254:122,1,129.499996047974
200,190,139652,1,0,0:0:0:0:
169,265,139746,2,0,P|122:222|124:159,1,129.499996047974
200,190,140027,1,0,0:0:0:0:
293,306,140121,2,0,P|362:303|402:237,1,129.499996047974
402,161,140402,1,0,0:0:0:0:
402,161,140496,2,0,P|395:129|382:99,1,64.7499980239869
225,46,140683,2,0,P|193:52|163:65,1,64.7499980239869
110,223,140871,6,0,B|178:243|178:243|236:242,1,129.499996047974
299,190,141152,1,0,0:0:0:0:
261,119,141246,2,0,L|130:131,1,129.499996047974
225,46,141527,1,0,0:0:0:0:
178,112,141621,2,0,L|183:176,1,64.7499980239869
225,299,141808,2,0,L|278:262,1,64.7499980239869
364,164,141996,2,0,L|305:137,1,64.7499980239869
97,79,142183,1,0,0:0:0:0:
104,159,142276,1,0,0:0:0:0:
111,238,142371,6,0,P|98:286|135:254,1,129.499996047974
224,192,142652,1,0,0:0:0:0:
278,262,142746,1,0,0:0:0:0:
310,264,142839,1,0,0:0:0:0:
374,306,142934,2,0,P|387:276|383:245,1,64.7499980239869
401,339,143121,6,0,P|427:280|420:217,1,129.499996047974
356,88,143496,1,0,0:0:0:0:
323,58,143589,1,0,0:0:0:0:
283,43,143683,1,0,0:0:0:0:
240,43,143777,1,0,0:0:0:0:
208,202,143871,6,0,P|262:173|259:111,1,129.499996047974
275,255,144152,2,0,P|308:207|261:172,1,129.499996047974
390,225,144433,2,0,P|369:214|346:214,1,46.25
349,142,144621,2,0,P|324:143|302:155,1,50.8750015525818
264,79,144808,2,0,P|240:93|225:116,1,55.4999983062745
149,66,144996,2,0,P|134:92|132:122,1,60.1249972476961
36,115,145183,2,0,P|36:147|50:176,1,64.7499980239869
350,311,145371,6,0,P|386:289|410:253,3,85.562499673605
256,256,145746,2,0,P|225:226|209:187,3,85.562499673605
422,145,146121,2,0,L|336:135,1,85.562499673605
225,226,146308,2,0,L|310:216,1,85.562499673605
310,54,146496,2,0,L|225:64,1,85.562499673605
99,37,146683,1,0,0:0:0:0:
85,121,146776,1,0,0:0:0:0:
71,205,146871,6,0,P|70:248|89:286,1,85.562499673605,4|0,0:0|0:0,0:0:0:0:
227,226,147058,2,0,P|190:203|148:201,1,85.562499673605
132,350,147246,2,0,P|169:329|192:294,1,85.562499673605
292,176,147433,1,0,0:0:0:0:
219,131,147526,1,0,0:0:0:0:
135,125,147621,2,0,P|59:132|59:56,1,171.12499934721
221,45,147902,1,0,0:0:0:0:
314,75,147996,2,0,P|351:96|372:133,1,85.562499673605
459,159,148183,2,0,P|470:201|458:244,1,90.187500344038
313,297,148371,6,0,B|291:316|259:311|259:311|292:331|324:317|324:317|358:301|390:318,1,194.249994071961,4|0,0:0|0:0,0:0:0:0:
198,355,148746,2,0,P|184:327|185:295,1,64.7499980239869
298,127,149121,6,0,P|324:162|332:203,1,85.562499673605
102,322,149308,2,0,L|92:237,1,85.562499673605
289,284,149496,2,0,L|204:293,1,85.562499673605
64,135,149683,2,0,L|153:124,1,90.187500344038,8|0,0:0|0:0,0:0:0:0:
255,71,149871,6,0,P|256:154|191:206,1,171.12499934721,4|0,0:0|0:0,0:0:0:0:
383,256,150246,2,0,P|275:194|255:71,1,256.687499020815,4|0,0:0|0:0,0:0:0:0:
443,174,150621,2,0,P|477:251|452:331,1,171.12499934721,12|0,0:0|0:0,0:0:0:0:
358,360,150871,1,0,0:0:0:0:
260,276,150996,2,0,L|206:208,1,85.562499673605,4|0,0:0|0:0,0:0:0:0:
156,143,151183,2,0,L|108:167,2,44.7083346977234
207,209,151371,6,0,P|181:175|174:133,1,85.562499673605,4|0,0:0|0:0,0:0:0:0:
339,62,151558,2,0,P|364:95|371:137,1,85.562499673605
240,94,151746,2,0,P|234:51|249:12,1,85.562499673605,4|0,0:0|0:0,0:0:0:0:
428,14,151933,2,0,P|433:56|418:95,1,85.562499673605
301,174,152121,2,0,L|310:259,3,85.562499673605,8|0|0|0,0:0|0:0|0:0|0:0,0:0:0:0:
201,259,152496,2,0,L|211:174,1,85.562499673605,4|0,0:0|0:0,0:0:0:0:
409,322,152683,1,0,0:0:0:0:
324,334,152776,1,0,0:0:0:0:
239,347,152871,6,0,L|153:337,1,85.562499673605,4|0,0:0|0:0,0:0:0:0:
131,199,153058,1,0,0:0:0:0:
216,187,153151,1,0,0:0:0:0:
301,174,153246,2,0,L|386:183,1,85.562499673605
221,100,153433,2,0,L|135:109,1,85.562499673605
355,224,153621,6,0,B|386:183|386:183|366:64,1,171.12499934721,8|0,0:0|0:0,0:0:0:0:
243,38,153902,1,0,0:0:0:0:
157,98,153995,1,0,0:0:0:0:
131,199,154089,1,0,0:0:0:0:
176,293,154183,2,0,P|213:319|257:326,1,90.187500344038
367,183,154371,6,0,P|280:160|241:240,1,194.249994071961,4|0,0:0|0:0,0:0:0:0:
257,326,154746,1,0,0:0:0:0:
131,199,155121,6,0,P|218:222|257:142,1,194.249994071961,4|0,0:0|0:0,0:0:0:0:
255,58,155496,1,0,0:0:0:0:
335,90,155683,2,0,P|298:64|254:57,1,90.187500344038,8|0,0:0|0:0,0:0:0:0:
110,100,155871,6,0,L|116:238,1,138.750005292893
261,347,156246,1,0,0:0:0:0:
372,260,156433,2,0,L|432:251,3,34.6875013232232
239,239,156621,2,0,P|210:221|192:192,1,69.3750026464463
407,170,156808,2,0,L|442:165,3,34.6875013232232
270,143,156996,2,0,P|240:124|222:95,1,69.3750026464463
315,44,157183,1,0,0:0:0:0:
110,167,157371,6,0,L|95:251,1,85.562499673605
185,335,157558,2,0,L|199:250,1,85.562499673605
297,266,157746,1,0,0:0:0:0:
282,181,157839,1,0,0:0:0:0:
267,97,157933,2,0,P|231:73|189:69,1,85.562499673605
110,167,158121,2,0,P|107:209|125:247,1,85.562499673605
249,267,158308,2,0,P|286:247|311:213,1,85.562499673605
400,140,158496,2,0,P|417:178|416:221,3,85.562499673605
368,307,158871,5,0,0:0:0:0:
283,297,158964,1,0,0:0:0:0:
198,287,159058,1,0,0:0:0:0:
113,277,159152,1,0,0:0:0:0:
28,267,159246,2,0,P|10:228|12:186,1,85.562499673605
182,206,159433,2,0,P|199:244|197:286,1,85.562499673605
61,185,159621,6,0,P|64:142|88:107,1,85.562499673605
224,209,159808,2,0,P|220:251|196:286,1,85.562499673605
130,130,159996,1,0,0:0:0:0:
191,74,160089,1,0,0:0:0:0:
273,87,160183,2,0,L|362:105,1,90.187500344038
479,177,160371,6,0,B|409:230|409:230|432:171|393:131,1,194.249994071961
476,284,160746,2,0,P|361:302|339:188,1,256.687499020815
465,183,161121,6,0,P|427:162|385:162,1,85.562499673605
197,286,161308,2,0,P|212:246|244:219,1,85.562499673605
350,336,161496,2,0,L|277:290,1,85.562499673605
130,130,161683,2,0,L|219:140,1,90.187500344038,8|0,0:0|0:0,0:0:0:0:
418,42,161871,6,0,L|363:114,1,90.187500344038
411,241,162058,2,0,L|321:230,1,90.187500344038
235,334,162246,2,0,L|199:251,3,90.187500344038
130,130,162621,2,0,L|219:140,3,90.187500344038
274,73,162996,2,0,P|248:39|209:24,1,85.562499673605
120,37,163183,2,0,L|57:68,2,47.7916670312881
129,129,163371,6,0,P|135:172|119:211,1,85.562499673605
202,238,163558,2,0,P|178:273|141:293,1,85.562499673605
187,367,163746,2,0,P|146:379|105:370,3,85.562499673605
277,277,164121,2,0,P|317:264|358:273,1,85.562499673605
421,196,164308,2,0,P|400:158|400:116,1,85.562499673605
256,197,164496,2,0,P|276:234|276:276,1,85.562499673605
400,116,164683,1,0,0:0:0:0:
317,123,164776,1,0,0:0:0:0:
251,64,164871,6,0,B|186:48|143:88|143:88|128:111|99:120,1,171.12499934721
78,47,165152,1,0,0:0:0:0:
143,88,165246,1,0,0:0:0:0:
178,156,165339,1,0,0:0:0:0:
174,232,165433,1,0,0:0:0:0:
132,295,165527,1,0,0:0:0:0:
98,226,165621,2,0,B|166:203|166:203|204:238|257:234,1,171.12499934721
414,159,165902,1,0,0:0:0:0:
414,159,165996,2,0,B|346:182|346:182|308:147|254:150,1,171.12499934721
289,344,166371,6,0,P|334:270|256:233,1,194.249994071961
177,185,166746,2,0,P|137:137|154:77,1,129.499996047974
395,105,167121,6,0,B|360:132|292:119|292:119|257:104|216:123,1,185
258,190,167589,1,0,0:0:0:0:
304,119,167683,2,0,P|301:73|270:40,1,92.5,8|0,0:0|0:0,0:0:0:0:
172,90,167871,6,0,L|100:85,1,55.4999983062745,4|0,0:0|0:0,0:0:0:0:
118,193,168246,2,0,L|45:187,1,55.4999983062745,8|0,0:0|0:0,0:0:0:0:
155,280,168621,2,0,L|206:281,1,46.25
357,280,168808,2,0,L|306:281,1,46.25
155,280,168996,2,0,L|96:276,1,46.25,8|0,0:0|0:0,0:0:0:0:
207,342,169371,6,0,P|238:261|174:201,1,185,4|0,0:0|0:0,0:0:0:0:
76,105,170121,2,0,L|204:119,1,92.5,8|0,0:0|0:0,0:0:0:0:
240,45,170496,1,0,0:0:0:0:
374,96,170683,1,0,0:0:0:0:
374,96,170871,2,0,L|353:198,1,92.5
333,213,171152,1,0,0:0:0:0:
309,239,171246,2,0,P|267:255|222:247,1,92.5
184,45,171621,2,0,P|219:74|235:116,1,92.5,8|0,0:0|0:0,0:0:0:0:
249,140,171903,1,0,0:0:0:0:
256,166,171996,1,0,0:0:0:0:
108,277,172183,1,0,0:0:0:0:
107,275,172371,6,0,B|89:233|105:192|105:192|123:136|105:93,1,185
271,240,173121,6,0,P|229:224|183:229,1,92.5,8|0,0:0|0:0,0:0:0:0:
344,334,173496,2,0,P|360:291|355:245,1,92.5
256,69,173871,2,0,P|260:114|244:157,1,92.5
124,319,174246,2,0,P|140:276|137:230,1,92.5
140,41,174621,2,0,P|85:110|112:194,1,185,8|0,0:0|0:0,0:0:0:0:
223,80,175277,1,0,0:0:0:0:
256,69,175371,6,0,L|387:76,1,92.5
446,173,175746,2,0,P|441:218|402:250,1,92.5
344,334,176121,2,0,L|284:217,1,92.5,8|0,0:0|0:0,0:0:0:0:
242,354,176496,1,0,0:0:0:0:
242,354,176683,1,0,0:0:0:0:
157,273,176871,1,0,0:0:0:0:
277,97,177058,1,0,0:0:0:0:
277,97,177152,1,0,0:0:0:0:
277,97,177246,1,0,0:0:0:0:
362,178,177433,1,0,0:0:0:0:
157,273,177621,2,0,P|126:228|149:161,1,92.5,8|0,0:0|0:0,0:0:0:0:
142,160,177902,1,0,0:0:0:0:
149,126,177996,1,0,0:0:0:0:
94,38,178183,1,0,0:0:0:0:
298,165,178371,6,0,P|282:231|222:261,1,138.75
250,91,179146,6,0,P|330:77|379:123,1,129.499996047974,8|0,0:0|0:0,0:0:0:0:
400,224,180083,6,0,B|377:292|277:292|255:223|255:223|232:153|132:153|109:223,1,381.562514555455
